t # 0
v 0 3
v 1 0
v 2 3
v 3 0
v 4 3
v 5 0
v 6 3
v 7 0
v 8 0
e 1 7 0
e 0 1 0
e 1 2 0
e 1 3 0
e 3 5 0
e 3 6 0
e 3 4 0
e 5 8 0
t # 1
v 0 0
v 1 0
v 2 0
v 3 0
v 4 0
v 5 0
v 6 0
v 7 0
v 8 3
e 0 2 0
e 1 4 0
e 1 7 0
e 3 5 0
e 1 3 0
e 0 3 0
e 5 6 0
e 5 8 0
t # 2
v 0 0
v 1 0
v 2 3
v 3 0
v 4 0
v 5 0
v 6 4
v 7 3
v 8 3
v 9 3
v 10 0
v 11 1
v 12 0
v 13 0
v 14 0
v 15 0
e 0 10 0
e 0 11 0
e 3 5 0
e 1 3 0
e 3 4 0
e 4 8 0
e 2 5 0
e 0 6 0
e 6 7 0
e 5 13 0
e 12 13 0
e 6 14 0
e 13 14 0
e 14 15 0
e 4 15 0
e 9 15 0
t # 3
v 0 3
v 1 3
v 2 0
v 3 0
v 4 0
v 5 0
v 6 0
v 7 0
v 8 0
v 9 0
v 10 1
v 11 0
v 12 0
v 13 3
v 14 1
e 0 8 0
e 2 11 0
e 1 2 0
e 3 7 0
e 3 5 0
e 2 4 0
e 4 13 0
e 5 6 0
e 5 14 0
e 6 9 0
e 7 12 0
e 7 11 0
e 3 8 0
e 4 8 0
e 9 12 0
e 10 12 0
t # 4
v 0 0
v 1 0
v 2 3
v 3 3
v 4 4
v 5 3
v 6 0
v 7 0
v 8 3
v 9 3
v 10 0
v 11 3
v 12 3
v 13 3
v 14 3
v 15 0
v 16 3
v 17 3
v 18 3
v 19 3
v 20 0
v 21 0
v 22 0
v 23 3
v 24 3
v 25 0
v 26 3
v 27 0
v 28 3
v 29 0
v 30 3
v 31 3
v 32 3
e 0 22 0
e 0 8 0
e 0 31 0
e 1 6 0
e 1 15 0
e 1 32 0
e 1 17 0
e 6 29 0
e 3 6 0
e 2 6 0
e 0 7 0
e 7 24 0
e 7 11 0
e 7 10 0
e 5 10 0
e 10 14 0
e 10 15 0
e 9 15 0
e 12 15 0
e 4 20 0
e 18 20 0
e 20 28 0
e 21 22 0
e 20 25 0
e 25 30 0
e 16 25 0
e 25 27 0
e 26 27 0
e 13 27 0
e 27 29 0
e 23 29 0
e 19 29 0
t # 5
v 0 3
v 1 3
v 2 3
v 3 0
v 4 3
v 5 3
v 6 0
v 7 0
v 8 3
v 9 3
v 10 3
v 11 3
v 12 3
v 13 0
v 14 3
v 15 3
v 16 1
v 17 3
v 18 0
v 19 3
v 20 0
v 21 0
v 22 3
v 23 3
v 24 5
v 25 0
v 26 1
v 27 0
v 28 1
v 29 0
v 30 3
v 31 3
v 32 0
e 3 18 0
e 3 12 0
e 3 23 0
e 6 29 0
e 6 14 0
e 2 6 0
e 7 20 0
e 7 8 0
e 7 31 0
e 18 27 0
e 17 18 0
e 1 18 0
e 6 20 0
e 9 20 0
e 5 20 0
e 13 21 0
e 24 28 0
e 24 26 0
e 16 24 0
e 7 25 0
e 25 32 0
e 19 25 0
e 22 25 0
e 21 27 0
e 0 27 0
e 27 30 0
e 24 29 0
e 15 29 0
e 10 29 0
e 3 32 0
e 4 32 0
e 11 32 0
